150 1308  
0 5  
0 15  
0 19  
0 22  
0 29  
0 39  
0 48  
0 50  
0 70  
0 77  
0 80  
0 87  
0 90  
0 97  
0 110  
0 117  
0 149  
1 5  
1 16  
1 21  
1 24  
1 60  
1 71  
1 79  
1 89  
1 103  
1 127  
1 128  
1 130  
1 134  
2 24  
2 30  
2 34  
2 37  
2 49  
2 53  
2 58  
2 59  
2 63  
2 66  
2 88  
2 91  
2 96  
2 98  
2 101  
2 107  
2 130  
3 18  
3 20  
3 23  
3 47  
3 50  
3 53  
3 63  
3 71  
3 79  
3 80  
3 108  
3 146  
4 19  
4 26  
4 35  
4 40  
4 41  
4 43  
4 44  
4 57  
4 118  
4 125  
4 139  
4 144  
4 147  
5 0  
5 1  
5 19  
5 29  
5 31  
5 33  
5 48  
5 51  
5 55  
5 56  
5 82  
5 108  
5 117  
5 123  
5 131  
6 12  
6 35  
6 39  
6 41  
6 43  
6 56  
6 70  
6 73  
6 75  
6 90  
6 106  
6 116  
6 122  
6 123  
6 133  
6 135  
6 138  
6 140  
6 146  
6 149  
7 17  
7 20  
7 27  
7 35  
7 50  
7 70  
7 74  
7 104  
7 109  
7 111  
7 116  
7 127  
7 141  
7 142  
7 144  
7 147  
8 13  
8 14  
8 18  
8 21  
8 25  
8 31  
8 76  
8 87  
8 91  
8 133  
9 39  
9 40  
9 50  
9 54  
9 65  
9 67  
9 78  
9 79  
9 89  
9 100  
9 108  
9 114  
9 124  
9 129  
9 130  
9 135  
9 142  
9 148  
10 28  
10 35  
10 37  
10 44  
10 62  
10 68  
10 74  
10 76  
10 89  
10 90  
10 91  
10 113  
10 114  
10 119  
10 129  
10 132  
10 133  
10 136  
10 137  
11 14  
11 19  
11 28  
11 44  
11 56  
11 63  
11 72  
11 76  
11 82  
11 85  
11 89  
11 97  
11 105  
11 109  
11 133  
11 137  
11 143  
12 6  
12 14  
12 15  
12 20  
12 22  
12 30  
12 39  
12 44  
12 47  
12 63  
12 67  
12 70  
12 77  
12 78  
12 84  
12 111  
12 121  
12 123  
12 130  
12 134  
12 136  
13 8  
13 42  
13 54  
13 70  
13 93  
13 104  
13 108  
13 112  
13 114  
13 119  
13 122  
13 127  
13 130  
13 149  
14 8  
14 11  
14 12  
14 18  
14 36  
14 37  
14 42  
14 51  
14 58  
14 63  
14 66  
14 69  
14 86  
14 110  
14 149  
15 0  
15 12  
15 16  
15 19  
15 34  
15 43  
15 73  
15 89  
15 95  
15 106  
15 117  
15 124  
15 127  
15 149  
16 1  
16 15  
16 20  
16 28  
16 43  
16 45  
16 55  
16 74  
16 78  
16 104  
16 111  
16 116  
16 119  
17 7  
17 28  
17 31  
17 32  
17 34  
17 55  
17 57  
17 59  
17 64  
17 104  
17 118  
17 125  
17 139  
18 3  
18 8  
18 14  
18 22  
18 23  
18 30  
18 35  
18 38  
18 40  
18 64  
18 69  
18 71  
18 93  
18 116  
19 0  
19 4  
19 5  
19 11  
19 15  
19 23  
19 32  
19 33  
19 39  
19 50  
19 54  
19 69  
19 70  
19 74  
19 78  
19 82  
19 93  
19 98  
19 101  
19 108  
19 111  
19 114  
19 116  
19 133  
19 139  
19 141  
19 146  
20 3  
20 7  
20 12  
20 16  
20 34  
20 46  
20 59  
20 69  
20 73  
20 79  
20 88  
20 103  
20 107  
20 116  
20 141  
21 1  
21 8  
21 26  
21 27  
21 48  
21 58  
21 61  
21 65  
21 66  
21 76  
21 117  
21 121  
21 133  
21 142  
21 144  
21 149  
22 0  
22 12  
22 18  
22 26  
22 49  
22 56  
22 64  
22 81  
22 83  
22 86  
22 92  
22 94  
22 96  
22 98  
22 116  
22 119  
22 124  
22 126  
22 135  
22 136  
22 143  
23 3  
23 18  
23 19  
23 33  
23 47  
23 80  
23 98  
23 114  
23 115  
23 116  
23 117  
23 122  
23 132  
23 139  
24 1  
24 2  
24 33  
24 49  
24 58  
24 64  
24 65  
24 82  
24 89  
24 101  
24 104  
24 108  
24 137  
24 139  
24 146  
24 148  
25 8  
25 35  
25 43  
25 48  
25 50  
25 53  
25 54  
25 58  
25 69  
25 75  
25 80  
25 82  
25 83  
25 88  
25 89  
25 92  
25 102  
25 108  
25 110  
25 121  
25 133  
25 144  
26 4  
26 21  
26 22  
26 34  
26 38  
26 40  
26 45  
26 56  
26 67  
26 74  
26 85  
26 86  
26 98  
26 100  
26 104  
26 125  
26 126  
26 128  
27 7  
27 21  
27 31  
27 47  
27 49  
27 57  
27 64  
27 72  
27 76  
27 77  
27 81  
27 85  
27 96  
27 104  
27 125  
27 148  
28 10  
28 11  
28 16  
28 17  
28 43  
28 46  
28 59  
28 68  
28 69  
28 74  
28 82  
28 83  
28 89  
28 119  
28 124  
28 129  
28 139  
28 147  
29 0  
29 5  
29 62  
29 67  
29 77  
29 93  
29 101  
29 104  
29 110  
29 115  
29 120  
29 121  
29 123  
29 141  
29 145  
30 2  
30 12  
30 18  
30 36  
30 38  
30 43  
30 64  
30 65  
30 81  
30 131  
30 134  
30 137  
30 146  
31 5  
31 8  
31 17  
31 27  
31 46  
31 47  
31 50  
31 68  
31 91  
31 95  
31 142  
31 145  
32 17  
32 19  
32 40  
32 46  
32 47  
32 56  
32 61  
32 62  
32 70  
32 75  
32 85  
32 99  
32 101  
32 128  
32 132  
32 142  
33 5  
33 19  
33 23  
33 24  
33 74  
33 79  
33 85  
33 113  
33 127  
33 130  
33 131  
33 143  
33 146  
34 2  
34 15  
34 17  
34 20  
34 26  
34 43  
34 48  
34 58  
34 68  
34 86  
34 117  
34 129  
34 144  
34 146  
34 149  
35 4  
35 6  
35 7  
35 10  
35 18  
35 25  
35 52  
35 54  
35 68  
35 70  
35 79  
35 93  
35 95  
35 116  
36 14  
36 30  
36 37  
36 48  
36 59  
36 67  
36 68  
36 78  
36 86  
36 87  
36 89  
36 94  
36 101  
36 104  
36 112  
36 130  
36 136  
36 149  
37 2  
37 10  
37 14  
37 36  
37 50  
37 57  
37 64  
37 84  
37 85  
37 86  
37 107  
37 109  
37 131  
37 144  
37 145  
38 18  
38 26  
38 30  
38 39  
38 41  
38 45  
38 47  
38 60  
38 69  
38 73  
38 79  
38 97  
38 106  
38 110  
39 0  
39 6  
39 9  
39 12  
39 19  
39 38  
39 52  
39 53  
39 84  
39 99  
39 126  
39 143  
40 4  
40 9  
40 18  
40 26  
40 32  
40 46  
40 63  
40 67  
40 72  
40 86  
40 97  
40 98  
40 115  
40 118  
40 123  
40 134  
40 138  
40 143  
40 147  
41 4  
41 6  
41 38  
41 46  
41 53  
41 64  
41 71  
41 74  
41 81  
41 112  
41 120  
41 129  
41 131  
41 142  
41 148  
42 13  
42 14  
42 43  
42 54  
42 71  
42 87  
42 93  
42 104  
42 117  
42 146  
43 4  
43 6  
43 15  
43 16  
43 25  
43 28  
43 30  
43 34  
43 42  
43 47  
43 55  
43 59  
43 65  
43 67  
43 78  
43 80  
43 82  
43 95  
43 109  
43 110  
43 114  
43 117  
43 120  
43 123  
43 133  
43 135  
44 4  
44 10  
44 11  
44 12  
44 58  
44 64  
44 67  
44 74  
44 75  
44 89  
44 94  
44 101  
44 103  
44 105  
44 113  
44 114  
44 121  
44 124  
44 131  
44 132  
44 133  
44 140  
44 146  
45 16  
45 26  
45 38  
45 74  
45 77  
45 83  
45 95  
45 119  
45 124  
45 128  
45 135  
45 148  
46 20  
46 28  
46 31  
46 32  
46 40  
46 41  
46 48  
46 50  
46 71  
46 75  
46 97  
46 102  
46 111  
46 114  
46 115  
46 119  
46 121  
46 136  
46 140  
47 3  
47 12  
47 23  
47 27  
47 31  
47 32  
47 38  
47 43  
47 49  
47 54  
47 56  
47 61  
47 72  
47 78  
47 83  
47 99  
47 104  
47 114  
47 127  
47 137  
47 149  
48 0  
48 5  
48 21  
48 25  
48 34  
48 36  
48 46  
48 53  
48 54  
48 63  
48 70  
48 94  
48 98  
48 99  
48 120  
48 121  
48 131  
48 133  
48 148  
49 2  
49 22  
49 24  
49 27  
49 47  
49 59  
49 62  
49 67  
49 79  
49 86  
49 87  
49 92  
49 100  
49 103  
49 112  
49 113  
49 122  
49 128  
49 137  
49 149  
50 0  
50 3  
50 7  
50 9  
50 19  
50 25  
50 31  
50 37  
50 46  
50 57  
50 59  
50 66  
50 72  
50 77  
50 86  
50 108  
50 119  
50 129  
50 144  
51 5  
51 14  
51 54  
51 63  
51 67  
51 92  
51 94  
51 102  
51 105  
51 109  
51 110  
51 116  
51 118  
51 120  
51 125  
51 126  
51 131  
51 139  
51 141  
51 143  
51 147  
52 35  
52 39  
52 96  
52 103  
52 110  
52 112  
52 115  
52 143  
53 2  
53 3  
53 25  
53 39  
53 41  
53 48  
53 57  
53 70  
53 73  
53 76  
53 78  
53 86  
53 91  
53 107  
53 121  
53 129  
53 142  
54 9  
54 13  
54 19  
54 25  
54 35  
54 42  
54 47  
54 48  
54 51  
54 71  
54 74  
54 84  
54 110  
54 113  
54 133  
55 5  
55 16  
55 17  
55 43  
55 60  
55 61  
55 67  
55 71  
55 74  
55 81  
55 82  
55 91  
55 102  
55 113  
55 116  
55 131  
55 133  
56 5  
56 6  
56 11  
56 22  
56 26  
56 32  
56 47  
56 60  
56 68  
56 79  
56 82  
56 106  
56 108  
56 113  
57 4  
57 17  
57 27  
57 37  
57 50  
57 53  
57 60  
57 64  
57 65  
57 67  
57 73  
57 83  
57 88  
57 89  
57 93  
57 95  
57 101  
57 107  
57 109  
57 113  
57 122  
57 131  
57 136  
57 142  
58 2  
58 14  
58 21  
58 24  
58 25  
58 34  
58 44  
58 67  
58 98  
58 100  
58 102  
58 106  
58 109  
58 113  
58 116  
58 121  
58 124  
58 131  
58 135  
58 148  
59 2  
59 17  
59 20  
59 28  
59 36  
59 43  
59 49  
59 50  
59 65  
59 69  
59 70  
59 71  
59 85  
59 86  
59 89  
59 91  
59 101  
59 106  
59 109  
59 114  
59 118  
59 122  
59 127  
59 130  
59 132  
59 133  
59 136  
60 1  
60 38  
60 55  
60 56  
60 57  
60 62  
60 79  
60 83  
60 89  
60 105  
60 106  
60 113  
60 116  
60 119  
60 121  
60 128  
60 134  
60 136  
61 21  
61 32  
61 47  
61 55  
61 75  
61 86  
61 97  
61 101  
61 109  
61 118  
61 123  
61 128  
61 133  
61 139  
61 140  
61 145  
62 10  
62 29  
62 32  
62 49  
62 60  
62 64  
62 74  
62 76  
62 87  
62 95  
62 100  
62 103  
62 111  
62 112  
62 144  
62 148  
63 2  
63 3  
63 11  
63 12  
63 14  
63 40  
63 48  
63 51  
63 65  
63 74  
63 76  
63 80  
63 86  
63 94  
63 96  
63 109  
63 111  
63 124  
63 128  
63 130  
63 133  
63 134  
64 17  
64 18  
64 22  
64 24  
64 27  
64 30  
64 37  
64 41  
64 44  
64 57  
64 62  
64 75  
64 90  
64 103  
64 105  
64 111  
64 112  
64 114  
64 118  
64 124  
64 132  
64 140  
65 9  
65 21  
65 24  
65 30  
65 43  
65 57  
65 59  
65 63  
65 67  
65 86  
65 99  
65 102  
65 107  
65 128  
65 146  
66 2  
66 14  
66 21  
66 50  
66 77  
66 88  
66 89  
66 101  
66 107  
66 114  
67 9  
67 12  
67 26  
67 29  
67 36  
67 40  
67 43  
67 44  
67 49  
67 51  
67 55  
67 57  
67 58  
67 65  
67 80  
67 88  
67 94  
67 103  
67 107  
67 125  
67 127  
67 134  
68 10  
68 28  
68 31  
68 34  
68 35  
68 36  
68 56  
68 76  
68 95  
68 114  
68 120  
68 122  
68 133  
69 14  
69 18  
69 19  
69 20  
69 25  
69 28  
69 38  
69 59  
69 70  
69 75  
69 94  
69 103  
69 106  
69 124  
69 125  
70 0  
70 6  
70 7  
70 12  
70 13  
70 19  
70 32  
70 35  
70 48  
70 53  
70 59  
70 69  
70 72  
70 78  
70 80  
70 91  
70 93  
70 115  
70 138  
70 145  
71 1  
71 3  
71 18  
71 41  
71 42  
71 46  
71 54  
71 55  
71 59  
71 74  
71 79  
71 80  
71 88  
71 90  
71 95  
71 122  
71 129  
71 136  
71 138  
71 144  
71 148  
72 11  
72 27  
72 40  
72 47  
72 50  
72 70  
72 76  
72 92  
72 96  
72 100  
72 113  
72 120  
72 129  
72 132  
72 134  
72 140  
72 144  
73 6  
73 15  
73 20  
73 38  
73 53  
73 57  
73 76  
73 81  
73 84  
73 85  
73 88  
73 105  
73 112  
73 116  
73 125  
73 127  
73 131  
73 149  
74 7  
74 10  
74 16  
74 19  
74 26  
74 28  
74 33  
74 41  
74 44  
74 45  
74 54  
74 55  
74 62  
74 63  
74 71  
74 98  
74 102  
74 106  
74 121  
74 125  
74 126  
74 145  
74 148  
75 6  
75 25  
75 32  
75 44  
75 46  
75 61  
75 64  
75 69  
75 80  
75 86  
75 89  
75 95  
75 98  
75 136  
75 149  
76 8  
76 10  
76 11  
76 21  
76 27  
76 53  
76 62  
76 63  
76 68  
76 72  
76 73  
76 94  
76 95  
76 110  
76 123  
76 127  
76 130  
76 137  
76 142  
76 148  
77 0  
77 12  
77 27  
77 29  
77 45  
77 50  
77 66  
77 78  
77 82  
77 85  
77 97  
77 110  
77 118  
77 128  
77 129  
77 137  
78 9  
78 12  
78 16  
78 19  
78 36  
78 43  
78 47  
78 53  
78 70  
78 77  
78 83  
78 85  
78 94  
78 103  
78 123  
78 131  
79 1  
79 3  
79 9  
79 20  
79 33  
79 35  
79 38  
79 49  
79 56  
79 60  
79 71  
79 80  
79 81  
79 82  
79 85  
79 104  
79 106  
79 111  
79 123  
79 131  
79 140  
79 147  
80 0  
80 3  
80 23  
80 25  
80 43  
80 63  
80 67  
80 70  
80 71  
80 75  
80 79  
80 83  
80 101  
80 104  
80 111  
80 112  
80 126  
80 131  
80 132  
80 134  
80 136  
80 141  
80 145  
81 22  
81 27  
81 30  
81 41  
81 55  
81 73  
81 79  
81 91  
81 104  
81 109  
81 112  
81 113  
81 115  
81 116  
81 119  
81 122  
81 125  
81 130  
81 137  
82 5  
82 11  
82 19  
82 24  
82 25  
82 28  
82 43  
82 55  
82 56  
82 77  
82 79  
82 87  
82 90  
82 91  
82 96  
82 111  
82 119  
82 121  
82 127  
82 132  
82 140  
82 142  
82 145  
83 22  
83 25  
83 28  
83 45  
83 47  
83 57  
83 60  
83 78  
83 80  
83 92  
83 94  
83 107  
83 110  
83 115  
83 129  
83 139  
84 12  
84 37  
84 39  
84 54  
84 73  
84 87  
84 91  
84 96  
84 99  
84 102  
84 140  
85 11  
85 26  
85 27  
85 32  
85 33  
85 37  
85 59  
85 73  
85 77  
85 78  
85 79  
85 92  
85 98  
85 102  
85 110  
85 127  
85 148  
86 14  
86 22  
86 26  
86 34  
86 36  
86 37  
86 40  
86 49  
86 50  
86 53  
86 59  
86 61  
86 63  
86 65  
86 75  
86 91  
86 96  
86 101  
86 104  
86 107  
86 116  
86 122  
86 125  
86 127  
87 0  
87 8  
87 36  
87 42  
87 49  
87 62  
87 82  
87 84  
87 90  
87 103  
87 122  
87 123  
87 131  
87 133  
87 137  
88 2  
88 20  
88 25  
88 57  
88 66  
88 67  
88 71  
88 73  
88 113  
88 117  
88 143  
88 147  
89 1  
89 9  
89 10  
89 11  
89 15  
89 24  
89 25  
89 28  
89 36  
89 44  
89 57  
89 59  
89 60  
89 66  
89 75  
89 105  
89 111  
89 122  
89 123  
89 132  
89 133  
89 140  
89 142  
89 146  
89 149  
90 0  
90 6  
90 10  
90 64  
90 71  
90 82  
90 87  
90 97  
90 100  
90 114  
90 119  
90 122  
90 125  
90 132  
90 136  
90 139  
90 143  
90 145  
90 148  
91 2  
91 8  
91 10  
91 31  
91 53  
91 55  
91 59  
91 70  
91 81  
91 82  
91 84  
91 86  
91 94  
91 99  
91 102  
91 121  
91 124  
91 127  
91 132  
91 137  
92 22  
92 25  
92 49  
92 51  
92 72  
92 83  
92 85  
92 99  
92 106  
92 109  
92 119  
92 123  
92 124  
92 131  
92 133  
92 143  
93 13  
93 18  
93 19  
93 29  
93 35  
93 42  
93 57  
93 70  
93 102  
93 107  
93 115  
93 119  
93 137  
93 142  
94 22  
94 36  
94 44  
94 48  
94 51  
94 63  
94 67  
94 69  
94 76  
94 78  
94 83  
94 91  
94 106  
94 107  
94 121  
94 124  
94 129  
94 139  
95 15  
95 31  
95 35  
95 43  
95 45  
95 57  
95 62  
95 68  
95 71  
95 75  
95 76  
95 101  
95 102  
95 103  
95 105  
95 128  
95 129  
95 133  
95 136  
95 141  
96 2  
96 22  
96 27  
96 52  
96 63  
96 72  
96 82  
96 84  
96 86  
96 115  
96 131  
96 134  
97 0  
97 11  
97 38  
97 40  
97 46  
97 61  
97 77  
97 90  
97 106  
97 114  
97 125  
97 127  
97 128  
97 137  
97 138  
98 2  
98 19  
98 22  
98 23  
98 26  
98 40  
98 48  
98 58  
98 74  
98 75  
98 85  
98 102  
98 108  
98 112  
98 141  
98 143  
99 32  
99 39  
99 47  
99 48  
99 65  
99 84  
99 91  
99 92  
99 102  
99 108  
99 111  
99 113  
99 125  
99 129  
99 131  
99 138  
99 146  
100 9  
100 26  
100 49  
100 58  
100 62  
100 72  
100 90  
100 104  
100 107  
100 114  
100 121  
100 122  
100 125  
100 127  
100 136  
100 137  
100 144  
101 2  
101 19  
101 24  
101 29  
101 32  
101 36  
101 44  
101 57  
101 59  
101 61  
101 66  
101 80  
101 86  
101 95  
101 102  
101 108  
101 109  
101 113  
101 126  
101 133  
101 135  
101 142  
101 147  
102 25  
102 46  
102 51  
102 55  
102 58  
102 65  
102 74  
102 84  
102 85  
102 91  
102 93  
102 95  
102 98  
102 99  
102 101  
102 105  
102 106  
102 108  
102 113  
102 115  
102 140  
103 1  
103 20  
103 44  
103 49  
103 52  
103 62  
103 64  
103 67  
103 69  
103 78  
103 87  
103 95  
103 108  
103 111  
103 131  
104 7  
104 13  
104 16  
104 17  
104 24  
104 26  
104 27  
104 29  
104 36  
104 42  
104 47  
104 79  
104 80  
104 81  
104 86  
104 100  
104 106  
104 114  
104 115  
104 116  
104 128  
104 129  
104 130  
104 131  
104 133  
105 11  
105 44  
105 51  
105 60  
105 64  
105 73  
105 89  
105 95  
105 102  
105 111  
105 113  
105 114  
105 117  
105 129  
105 138  
105 140  
105 145  
105 147  
106 6  
106 15  
106 38  
106 56  
106 58  
106 59  
106 60  
106 69  
106 74  
106 79  
106 92  
106 94  
106 97  
106 102  
106 104  
106 116  
106 122  
106 145  
106 147  
107 2  
107 20  
107 37  
107 53  
107 57  
107 65  
107 66  
107 67  
107 83  
107 86  
107 93  
107 94  
107 100  
107 114  
107 116  
107 135  
107 141  
107 149  
108 3  
108 5  
108 9  
108 13  
108 19  
108 24  
108 25  
108 50  
108 56  
108 98  
108 99  
108 101  
108 102  
108 103  
108 112  
108 138  
108 140  
108 148  
109 7  
109 11  
109 37  
109 43  
109 51  
109 57  
109 58  
109 59  
109 61  
109 63  
109 81  
109 92  
109 101  
109 124  
109 126  
109 147  
109 148  
110 0  
110 14  
110 25  
110 29  
110 38  
110 43  
110 51  
110 52  
110 54  
110 76  
110 77  
110 83  
110 85  
110 122  
110 123  
110 124  
110 134  
110 137  
110 149  
111 7  
111 12  
111 16  
111 19  
111 46  
111 62  
111 63  
111 64  
111 79  
111 80  
111 82  
111 89  
111 99  
111 103  
111 105  
111 112  
111 126  
111 134  
111 138  
111 144  
112 13  
112 36  
112 41  
112 49  
112 52  
112 62  
112 64  
112 73  
112 80  
112 81  
112 98  
112 108  
112 111  
112 116  
112 122  
112 126  
112 134  
112 138  
112 140  
112 141  
112 145  
113 10  
113 33  
113 44  
113 49  
113 54  
113 55  
113 56  
113 57  
113 58  
113 60  
113 72  
113 81  
113 88  
113 99  
113 101  
113 102  
113 105  
113 116  
113 120  
113 125  
113 134  
113 144  
113 149  
114 9  
114 10  
114 13  
114 19  
114 23  
114 43  
114 44  
114 46  
114 47  
114 59  
114 64  
114 66  
114 68  
114 90  
114 97  
114 100  
114 104  
114 105  
114 107  
114 120  
114 124  
114 126  
114 132  
114 133  
114 145  
114 149  
115 23  
115 29  
115 40  
115 46  
115 52  
115 70  
115 81  
115 83  
115 93  
115 96  
115 102  
115 104  
115 116  
115 122  
115 131  
115 147  
116 6  
116 7  
116 16  
116 18  
116 19  
116 20  
116 22  
116 23  
116 35  
116 51  
116 55  
116 58  
116 60  
116 73  
116 81  
116 86  
116 104  
116 106  
116 107  
116 112  
116 113  
116 115  
116 119  
116 135  
116 137  
117 0  
117 5  
117 15  
117 21  
117 23  
117 34  
117 42  
117 43  
117 88  
117 105  
117 132  
117 140  
118 4  
118 17  
118 40  
118 51  
118 59  
118 61  
118 64  
118 77  
118 141  
118 144  
119 10  
119 13  
119 16  
119 22  
119 28  
119 45  
119 46  
119 50  
119 60  
119 81  
119 82  
119 90  
119 92  
119 93  
119 116  
119 121  
119 124  
119 127  
119 129  
119 142  
120 29  
120 41  
120 43  
120 48  
120 51  
120 68  
120 72  
120 113  
120 114  
120 126  
120 129  
120 147  
121 12  
121 21  
121 25  
121 29  
121 44  
121 46  
121 48  
121 53  
121 58  
121 60  
121 74  
121 82  
121 91  
121 94  
121 100  
121 119  
121 123  
121 125  
121 139  
121 142  
122 6  
122 13  
122 23  
122 49  
122 57  
122 59  
122 68  
122 71  
122 81  
122 86  
122 87  
122 89  
122 90  
122 100  
122 106  
122 110  
122 112  
122 115  
122 124  
122 125  
122 126  
122 129  
122 134  
122 148  
123 5  
123 6  
123 12  
123 29  
123 40  
123 43  
123 61  
123 76  
123 78  
123 79  
123 87  
123 89  
123 92  
123 110  
123 121  
123 130  
123 141  
124 9  
124 15  
124 22  
124 28  
124 44  
124 45  
124 58  
124 63  
124 64  
124 69  
124 91  
124 92  
124 94  
124 109  
124 110  
124 114  
124 119  
124 122  
124 127  
124 133  
125 4  
125 17  
125 26  
125 27  
125 51  
125 67  
125 69  
125 73  
125 74  
125 81  
125 86  
125 90  
125 97  
125 99  
125 100  
125 113  
125 121  
125 122  
125 126  
125 133  
125 144  
126 22  
126 26  
126 39  
126 51  
126 74  
126 80  
126 101  
126 109  
126 111  
126 112  
126 114  
126 120  
126 122  
126 125  
126 136  
127 1  
127 7  
127 13  
127 15  
127 33  
127 47  
127 59  
127 67  
127 73  
127 76  
127 82  
127 85  
127 86  
127 91  
127 97  
127 100  
127 119  
127 124  
127 128  
127 137  
127 148  
128 1  
128 26  
128 32  
128 45  
128 49  
128 60  
128 61  
128 63  
128 65  
128 77  
128 95  
128 97  
128 104  
128 127  
128 129  
128 141  
128 142  
129 9  
129 10  
129 28  
129 34  
129 41  
129 50  
129 53  
129 71  
129 72  
129 77  
129 83  
129 94  
129 95  
129 99  
129 104  
129 105  
129 119  
129 120  
129 122  
129 128  
129 134  
129 138  
129 146  
130 1  
130 2  
130 9  
130 12  
130 13  
130 33  
130 36  
130 59  
130 63  
130 76  
130 81  
130 104  
130 123  
130 138  
131 5  
131 30  
131 33  
131 37  
131 41  
131 44  
131 48  
131 51  
131 55  
131 57  
131 58  
131 73  
131 78  
131 79  
131 80  
131 87  
131 92  
131 96  
131 99  
131 103  
131 104  
131 115  
131 135  
131 142  
131 148  
132 10  
132 23  
132 32  
132 44  
132 59  
132 64  
132 72  
132 80  
132 82  
132 89  
132 90  
132 91  
132 114  
132 117  
132 138  
132 140  
133 6  
133 8  
133 10  
133 11  
133 19  
133 21  
133 25  
133 43  
133 44  
133 48  
133 54  
133 55  
133 59  
133 61  
133 63  
133 68  
133 87  
133 89  
133 92  
133 95  
133 101  
133 104  
133 114  
133 124  
133 125  
133 149  
134 1  
134 12  
134 30  
134 40  
134 60  
134 63  
134 67  
134 72  
134 80  
134 96  
134 110  
134 111  
134 112  
134 113  
134 122  
134 129  
134 146  
135 6  
135 9  
135 22  
135 43  
135 45  
135 58  
135 101  
135 107  
135 116  
135 131  
135 144  
135 148  
135 149  
136 10  
136 12  
136 22  
136 36  
136 46  
136 57  
136 59  
136 60  
136 71  
136 75  
136 80  
136 90  
136 95  
136 100  
136 126  
136 139  
136 146  
137 10  
137 11  
137 24  
137 30  
137 47  
137 49  
137 76  
137 77  
137 81  
137 87  
137 91  
137 93  
137 97  
137 100  
137 110  
137 116  
137 127  
137 138  
138 6  
138 40  
138 70  
138 71  
138 97  
138 99  
138 105  
138 108  
138 111  
138 112  
138 129  
138 130  
138 132  
138 137  
138 144  
139 4  
139 17  
139 19  
139 23  
139 24  
139 28  
139 51  
139 61  
139 83  
139 90  
139 94  
139 121  
139 136  
139 140  
140 6  
140 44  
140 46  
140 61  
140 64  
140 72  
140 79  
140 82  
140 84  
140 89  
140 102  
140 105  
140 108  
140 112  
140 117  
140 132  
140 139  
141 7  
141 19  
141 20  
141 29  
141 51  
141 80  
141 95  
141 98  
141 107  
141 112  
141 118  
141 123  
141 128  
141 142  
141 149  
142 7  
142 9  
142 21  
142 31  
142 32  
142 41  
142 53  
142 57  
142 76  
142 82  
142 89  
142 93  
142 101  
142 119  
142 121  
142 128  
142 131  
142 141  
143 11  
143 22  
143 33  
143 39  
143 40  
143 51  
143 52  
143 88  
143 90  
143 92  
143 98  
144 4  
144 7  
144 21  
144 25  
144 34  
144 37  
144 50  
144 62  
144 71  
144 72  
144 100  
144 111  
144 113  
144 118  
144 125  
144 135  
144 138  
145 29  
145 31  
145 37  
145 61  
145 70  
145 74  
145 80  
145 82  
145 90  
145 105  
145 106  
145 112  
145 114  
146 3  
146 6  
146 19  
146 24  
146 30  
146 33  
146 34  
146 42  
146 44  
146 65  
146 89  
146 99  
146 129  
146 134  
146 136  
146 147  
147 4  
147 7  
147 28  
147 40  
147 51  
147 79  
147 88  
147 101  
147 105  
147 106  
147 109  
147 115  
147 120  
147 146  
148 9  
148 24  
148 27  
148 41  
148 45  
148 48  
148 58  
148 62  
148 71  
148 74  
148 76  
148 85  
148 90  
148 108  
148 109  
148 122  
148 127  
148 131  
148 135  
148 149  
149 0  
149 6  
149 13  
149 14  
149 15  
149 21  
149 34  
149 36  
149 47  
149 49  
149 73  
149 75  
149 89  
149 107  
149 110  
149 113  
149 114  
149 133  
149 135  
149 141  
149 148  
